# Results for initial sigma = 0.04, eta_c = 0.05, eta_sigma = 0.05, "mean" method

# Neuron center positionsNeuron sizes
0.05	0.009		0.03859184940216428
0.05	0.007		0.03825861105882576
0.049	0.012		0.03873082489287548
0.046	0.011		0.03884999345150658
0.047	0.012		0.03811498777607535
0.04	0.012		0.038165991827152024
0.045	0.009		0.03852142483454658
0.041	0.012		0.038199039216184956
0.044	0.011		0.03809717471129915
0.044	0.006		0.03839789411885105
0.049	0.01		0.03811285134944572
0.042	0.006		0.03773146425188896
0.049	0.007		0.03759591368341938
0.043	0.008		0.037436213316458945
0.05	0.012		0.03711692343026516
0.045	0.006		0.03714488411861806
0.047	0.011		0.03782146494144104
0.049	0.005		0.03751785649721856
0.041	0.008		0.03759610976431524
0.047	0.009		0.03715238632744264
0.044	0.006		0.03705467678445532
0.047	0.008		0.03667300286740596
0.05	0.012		0.03712669039831933
0.042	0.01		0.03683943032613785
0.048	0.007		0.03716993902594762
0.045	0.012		0.03715151967217197
0.049	0.007		0.036710354283207805
0.041	0.006		0.037191836805317444
0.049	0.006		0.03664355714259433
0.05	0.012		0.03726123095898009
0.042	0.008		0.03663790038102127
0.048	0.01		0.037166593550169644
0.043	0.007		0.0369512603347808
0.048	0.006		0.03702308920512223
0.05	0.009		0.037090545804260876
0.046	0.011		0.03686839901343927
0.042	0.009		0.03700163572503586
0.05	0.011		0.036644723084898544
0.043	0.01		0.036571390230415064
0.045	0.006		0.03628609111251455
0.048	0.01		0.036550775352716204
0.045	0.009		0.03688464949799125
0.05	0.009		0.036505652831753534
0.04	0.01		0.03636281870274123
0.043	0.012		0.036868235898636484
0.045	0.009		0.03650526897075901
0.05	0.008		0.03655105057262865
0.051	0.01		0.036845680824943675
0.042	0.011		0.03633459888792697
0.043	0.006		0.036282478107326224
0.047	0.01		0.036370357685561114
0.045	0.006		0.036543952270633964
0.046	0.01		0.03615997962239934
0.041	0.007		0.03657708611587055
0.047	0.008		0.036588838879174315
0.049	0.007		0.03620249859990873
0.04	0.011		0.035960627426071146
0.043	0.008		0.036478455455599086
0.047	0.006		0.03607227508148893
0.043	0.011		0.036427915574008825
0.048	0.013		0.03627902444974179
0.042	0.013		0.03612664866851386
0.05	0.011		0.0360780663177745
0.044	0.011		0.03562098566112867
0.047	0.008		0.035749405757164884
0.046	0.008		0.035797387737119366
0.041	0.007		0.035818259742177075
0.049	0.012		0.03579886126708406
0.044	0.008		0.0363625397473513
0.902	0.188		0.037314237140509174
0.041	0.009		0.03604447484878172
0.048	0.009		0.0363547997331527
0.042	0.006		0.03556147783878758
0.045	0.009		0.0360026931318324
0.047	0.009		0.03585954699221041
0.047	0.011		0.03600387385476733
0.049	0.007		0.03536419730452807
0.044	0.01		0.036069873537997996
0.047	0.012		0.03577680915826166
0.044	0.009		0.036151225653873145
0.043	0.011		0.0358155731720338
0.048	0.01		0.03598943231824502
0.043	0.007		0.036131095718630005
0.041	0.006		0.035776541448119925
0.048	0.006		0.03608145440761856
0.05	0.01		0.03571770490927823
0.05	0.009		0.03583161061120277
0.047	0.009		0.036026308793481086
0.049	0.008		0.03565013385591544
0.047	0.009		0.03609076170208549
0.041	0.01		0.03564577195604732
0.046	0.012		0.035975432757020066
0.043	0.012		0.03568074711296649
0.042	0.006		0.03604316287690459
0.045	0.012		0.035474165604934216
0.04	0.011		0.03543413209908188
0.05	0.006		0.03536246578694571
0.044	0.013		0.03567748527510944
0.049	0.011		0.03585532578103104
0.044	0.007		0.0357582043917743
0.042	0.006		0.035641294575796914
0.045	0.007		0.035496294865323144
0.924	0.166		0.03681976029195495
0.045	0.008		0.035591601885834795
0.805	0.143		0.03681976029195495
0.049	0.006		0.03555776488763859
0.043	0.009		0.03573282593661343
0.047	0.012		0.035124089615480046
0.048	0.013		0.03552543564963075
0.042	0.011		0.03539654628052504
0.048	0.009		0.03539784697134713
0.972	0.236		0.03672138233262305
0.044	0.009		0.03512288994185756
0.042	0.007		0.03551050357341565
0.046	0.008		0.03515932679062819
0.811	0.236		0.03666450114217693
0.045	0.006		0.03524721322506008
0.043	0.011		0.035137231871474536
0.046	0.013		0.03571399949491138
0.044	0.007		0.03521840411975412
0.044	0.012		0.0352878735854515
0.048	0.008		0.035300325093443524
0.047	0.007		0.03543615901078779
0.045	0.005		0.035093228158309786
0.043	0.008		0.03560002587959715
0.999	0.106		0.03660130583568913
0.047	0.012		0.035450274551576996
0.046	0.011		0.03532531767647633
0.049	0.006		0.035198277045018794
0.045	0.011		0.034999895099128105
0.046	0.006		0.03522508322683371
0.045	0.008		0.03510092919778957
0.05	0.008		0.0351699164096329
0.991	0.176		0.03653811887284835
0.91	0.101		0.03652627165873857
0.048	0.008		0.03529133412906637
0.048	0.012		0.03516169835497309
0.043	0.006		0.035139582602505944
0.83	0.132		0.03646926875706254
0.886	0.127		0.03646926875706253
0.042	0.012		0.03536717808448845
0.041	0.005		0.03488649066052067
0.046	0.007		0.03522199086935609
0.84	0.205		0.036452743911094904
0.952	0.167		0.036426262215018934
0.047	0.012		0.03526921355661617
0.049	0.011		0.03511333258176939
0.822	0.155		0.03637406204787711
0.046	0.012		0.035239687022692937
0.805	0.197		0.03637406204787711
0.044	0.011		0.035442429463179694
0.925	0.185		0.03635829555955321
0.044	0.009		0.035140573505329176
0.043	0.007		0.03489720413754368
0.974	0.201		0.03634941234086646
0.047	0.011		0.035402197221637746
0.903	0.21		0.036273492654560625
0.901	0.247		0.03627349265456063
0.842	0.1		0.036273492654560625
0.807	0.115		0.03626768089302271
0.005	0.046		0.03518365727725416
0.005	0.047		0.034910319616233566
0.006	0.046		0.03499138882752504
0.005	0.043		0.03528408182534423
0.004	0.045		0.035073439928507276
0.005	0.045		0.03514891385363963
0.004	0.041		0.03518325466384155
0.005	0.047		0.034885849024390646
0.005	0.042		0.03523613189878422
0.003	0.044		0.03474982841595909
0.007	0.044		0.03462055057927519
0.005	0.042		0.03507448143201059
0.003	0.047		0.035055362198849783
0.003	0.043		0.03521796698435943
0.005	0.041		0.034604230801875524
0.006	0.045		0.035234788152315295
0.008	0.042		0.035246642414619105
0.005	0.041		0.034831998937537495
0.005	0.045		0.034600528132587474
0.005	0.047		0.035099409455909926
0.004	0.042		0.035201979562061204
0.004	0.045		0.0350545522483555
0.006	0.043		0.03460590716852711
0.006	0.041		0.0347027248650551
0.008	0.047		0.03462999162768301
0.006	0.044		0.0345299076587233
0.004	0.044		0.035151562329476915
0.003	0.043		0.03481830546091907
0.005	0.041		0.035007947043235885
0.007	0.047		0.03487973891450443
0.003	0.045		0.034566709711440075
0.007	0.044		0.034706705027184696
0.008	0.047		0.035095110882256385
0.008	0.04		0.035151144192656934
0.005	0.043		0.03499189427773645
0.005	0.047		0.03503109618912223
0.006	0.043		0.03502911133468764
0.003	0.042		0.03499360070940138
0.006	0.043		0.03475050209908174
0.006	0.042		0.03511049176652407
0.006	0.047		0.0344892874222733
0.007	0.045		0.03478364163004503
0.006	0.043		0.03493095596111346
0.005	0.041		0.03487695479371912
0.007	0.043		0.034987687773989314
0.003	0.046		0.03469100270908586
0.006	0.041		0.034334580218495815
0.004	0.041		0.03489845640934775
0.005	0.042		0.0342934680045263
0.005	0.047		0.03460148514663905
0.004	0.047		0.03503300792271707
0.003	0.042		0.034533657291801106
0.003	0.044		0.03466249305669942
0.004	0.045		0.034732352873284654
0.005	0.043		0.03468049602872645
0.006	0.044		0.03488738569070022
0.004	0.046		0.03458565935565809
0.007	0.041		0.035045628129693016
0.007	0.046		0.034784068847771764
0.006	0.044		0.03451253197528004
0.004	0.041		0.034686625418160824
0.007	0.043		0.03495048199565938
0.004	0.044		0.03484389565536785
0.006	0.047		0.034673346009783425
0.007	0.046		0.03451045007343326
0.006	0.042		0.034882189080984435
0.003	0.042		0.034659702635681904
0.004	0.042		0.034293483006116406
0.007	0.045		0.03449150561083723
0.007	0.046		0.03475580767199777
0.006	0.041		0.03453033327823592
0.004	0.044		0.03462661915772874
0.006	0.046		0.03472287932949318
0.006	0.047		0.03492863842212787
0.006	0.042		0.03454349012803175
0.005	0.042		0.03441316061663705
0.003	0.048		0.034583252044332824
0.006	0.045		0.03427512868717815
0.005	0.046		0.03446013076648242
0.004	0.044		0.03445946175183621
0.007	0.046		0.03481131146956942
0.004	0.045		0.03476242269660369
0.005	0.047		0.034308085223112905
0.007	0.042		0.03455389378207042
0.004	0.04		0.03460981539464454
0.005	0.044		0.03428218858848288
0.008	0.041		0.034461044026370694
0.004	0.044		0.03476943962464457
0.007	0.045		0.03477606998997971
0.007	0.047		0.034655468585621324
0.006	0.045		0.03467120777759602
0.007	0.042		0.034373008874951615
0.005	0.041		0.03486354969009232
0.005	0.046		0.034829404945595534
0.145	0.874		0.03575392879631223
0.005	0.043		0.034797447231407236
0.003	0.045		0.034241608526627734
0.004	0.044		0.03461760666705458
0.004	0.04		0.034637975732508694
0.003	0.045		0.03459806995353187
0.006	0.044		0.034723488027715126
0.004	0.042		0.034737934784696695
0.006	0.043		0.034452255683592795
0.006	0.047		0.03435901339375617
0.006	0.046		0.034654594915429236
0.005	0.043		0.034456684468064415
0.004	0.044		0.034729137176452214
0.005	0.047		0.034591369336632545
0.007	0.042		0.03447455716402653
0.007	0.042		0.034776548566155197
0.007	0.041		0.033951489670115124
0.005	0.045		0.03421289755580599
0.006	0.043		0.034111860912337956
0.005	0.044		0.034317312217320324
0.003	0.044		0.03455437086298478
0.006	0.042		0.034618714631841525
0.127	0.949		0.03566908821066785
0.004	0.047		0.03461408352717769
0.004	0.041		0.03445415891199616
0.007	0.045		0.03444540801522336
0.007	0.046		0.034524601920824134
0.005	0.046		0.034148281360004015
0.007	0.047		0.034514438250246096
0.128	0.88		0.03562749624076304
0.006	0.044		0.03466647874374195
0.004	0.045		0.03426030474388804
0.005	0.042		0.03438033062259323
0.007	0.041		0.034122343430970946
0.004	0.043		0.03447810623691071
0.06	0.867		0.03561883279572736
0.003	0.041		0.03431668375726554
0.007	0.042		0.03407066374694345
0.006	0.046		0.03437965498345751
0.007	0.041		0.03423849003068814
0.004	0.041		0.034148949710942275
0.005	0.045		0.03453509665999852
0.003	0.047		0.03447385661055367
0.006	0.045		0.03417035797341147
0.007	0.043		0.03449208319794615
0.006	0.041		0.03412581757455457
0.004	0.045		0.03407867797244713
0.107	0.808		0.035566869649930936
0.004	0.047		0.03429002111981516
0.007	0.041		0.03451045122738762
0.006	0.042		0.034247319780685154
0.003	0.04		0.03384940132174052
0.006	0.047		0.034442059109474656
0.145	0.85		0.0355372485055053
0.004	0.042		0.03437945889773627
0.005	0.045		0.03423047646633845
0.116	0.912		0.035504546778083935
0.079	0.828		0.035504546778083935
0.08	0.804		0.03550454677808394
0.089	0.925		0.035504546778083935
0.09	0.907		0.03550454677808394
0.057	0.834		0.03550454677808394
0.033	0.031		0.034188576512920045
0.038	0.04		0.034282733658302464
0.038	0.033		0.03449891612663218
0.036	0.032		0.03395075615772669
0.035	0.036		0.03423141978509412
0.032	0.039		0.034181195657813024
0.039	0.034		0.0342808953255719
0.04	0.039		0.03435371027493152
0.034	0.038		0.03457604542214335
0.038	0.036		0.03445082021790363
0.037	0.032		0.03418571602986759
0.035	0.035		0.03414377348590356
0.032	0.031		0.03404648866387622
0.037	0.034		0.03413965389145552
0.032	0.037		0.03457698868665949
0.039	0.038		0.034381148663362754
0.035	0.032		0.0339938730854191
0.033	0.034		0.03429765772278641
0.03	0.034		0.03395608691225294
0.032	0.034		0.033944239169566064
0.031	0.04		0.0343588827251443
0.031	0.032		0.03433931802752152
0.035	0.03		0.033932151933397395
0.038	0.038		0.03451399482029668
0.034	0.039		0.034212810625769426
0.035	0.032		0.03433913901057184
0.035	0.032		0.03456773028372003
0.037	0.039		0.03384697087389215
0.038	0.037		0.034464577390493925
0.033	0.038		0.03419029425522331
0.036	0.039		0.034561283014530944
0.032	0.033		0.034532385844997474
0.039	0.037		0.034001603080952465
0.034	0.034		0.03448815452257727
0.037	0.035		0.03433102821591916
0.033	0.04		0.03422405925344503
0.033	0.035		0.034558124848135585
0.037	0.037		0.03398441814162628
0.031	0.032		0.034354197707660794
0.039	0.04		0.034046933488953844
0.039	0.031		0.03404499118896193
0.031	0.037		0.03434231459083684
0.038	0.031		0.03401294214156515
0.033	0.036		0.034122363042793896
0.033	0.037		0.03400323313202227
0.033	0.031		0.0344882755996109
0.04	0.031		0.03411673173825193
0.034	0.032		0.03438254473377345
0.034	0.037		0.033932775909672724
0.031	0.035		0.03438466284751996
0.039	0.033		0.03405756405388055
0.034	0.031		0.034136305538096545
0.037	0.033		0.03430777253241222
0.037	0.038		0.03422830823117419
0.039	0.032		0.03425907299393465
0.038	0.039		0.034352402470597024
0.04	0.033		0.034193357608590984
0.032	0.039		0.034062977585328565
0.035	0.04		0.03447943458610305
0.035	0.038		0.03393747439556543
0.031	0.033		0.03375945110551473
0.039	0.037		0.03408362172487042
0.037	0.04		0.03432315700196123
0.034	0.033		0.03443821112718186
0.035	0.036		0.033937945908255523
0.03	0.036		0.03430634067542007
0.035	0.035		0.03425630039154309
0.034	0.036		0.03444016541048053
0.039	0.039		0.03401815107360961
0.035	0.033		0.034232592059714
0.036	0.04		0.0338213588847241
0.036	0.036		0.03384006779677012
0.031	0.033		0.03434515505564413
0.04	0.038		0.03392611560877564
0.04	0.036		0.03442478998505369
0.037	0.036		0.03424990720681805
0.031	0.032		0.03435535694697924
0.035	0.035		0.034404927660765305
0.034	0.04		0.034262183692853804
0.037	0.031		0.03420759166913077
0.038	0.035		0.03401385815845538
0.035	0.038		0.03399153515619716
0.032	0.038		0.03441407357783868
0.039	0.034		0.034290858704059644
0.03	0.035		0.03425434049928373
0.035	0.033		0.03425795340197627
0.037	0.033		0.034117942431127826
0.031	0.034		0.034010697276269417
0.031	0.038		0.03436694010457303
0.03	0.037		0.034020434054229075
0.035	0.033		0.033965414952391415
0.032	0.036		0.03425734047636344
0.709	0.608		0.035286805648623853
0.035	0.035		0.03402866933740229
0.034	0.036		0.034205162062348596
0.036	0.034		0.03425372769062342
0.034	0.038		0.03411993468929814
0.623	0.637		0.035262556670868465
0.039	0.04		0.03428485286837282
0.039	0.038		0.034322980736586434
0.033	0.033		0.03391854661612648
0.037	0.034		0.033995647604021566
0.033	0.035		0.03363957959237533
0.031	0.038		0.03418791055821433
0.037	0.04		0.03379901234192143
0.037	0.036		0.034112698547880196
0.031	0.039		0.03415351747116697
0.03	0.036		0.03363913409133676
0.039	0.034		0.03429067698573459
0.034	0.031		0.034223808841249266
0.032	0.036		0.033658823989298835
0.038	0.032		0.03371725893257613
0.036	0.038		0.0339644800358511
0.031	0.031		0.03378239202674282
0.04	0.04		0.033976433085430656
0.036	0.037		0.034123414847532216
0.039	0.037		0.033747065954078476
0.038	0.037		0.03407257362970307
0.716	0.627		0.035196377296065645
0.788	0.773		0.03519637729606564
0.038	0.032		0.03427875559659395
0.036	0.034		0.03390365806928743
0.04	0.036		0.03428360050303029
0.033	0.032		0.0341841602609666
0.034	0.038		0.03427673404975739
0.032	0.033		0.03393493292091606
0.033	0.04		0.03377461578376243
0.034	0.039		0.03392161505765896
0.642	0.733		0.035184211175201395
0.033	0.038		0.03396690367306566
0.786	0.688		0.03518126850621146
0.039	0.034		0.03391437626679594
0.036	0.036		0.03413775629897131
0.035	0.033		0.03391366906171017
0.693	0.662		0.03517027842823676
0.035	0.039		0.03377243836373696
0.032	0.036		0.03375336691727409
0.038	0.039		0.03390606637571859
0.707	0.649		0.03515497468037075
0.621	0.683		0.03515497468037075
0.748	0.713		0.035154974680370744
0.034	0.032		0.03415827259515597
0.036	0.04		0.03359885421573842
0.039	0.036		0.03397345555674304
0.032	0.033		0.03402291038089237
0.037	0.039		0.03420669912195885
0.775	0.747		0.035147471775463526
0.035	0.04		0.034232889190936304
0.667	0.694		0.035140621420061115
0.708	0.723		0.03513538975472949
0.033	0.032		0.03383015803242197
0.605	0.739		0.03513278940176773
0.607	0.665		0.03513278940176773
0.696	0.694		0.03513278940176773
0.037	0.034		0.03375926681521317
0.725	0.717		0.035113533347756354
0.77	0.613		0.03511050660886842
0.651	0.756		0.035102522328503256
0.767	0.715		0.03509786969279502
0.661	0.654		0.035094844875702094
0.709	0.68		0.035094844875702094
